10
8
3
34
50
62
26
55
91
3
52
100
84
32
58
8
13
77
54
78
35
45
97
32
95
1
20
56
57
86
89
1
68
36
26
71
55
7
92
1
75
85
61
46
41
22
61
73
25
39
37
55
79
74
6
22
20
32
67
33
37
10
53
87
42
77
11
83
30
51
49
91
18
37
95
93
22
66
75
75
39
53
26
54
41
62
46
44
27
53
81
28
29
2
58
78
60
87
44
100
6
11
1
15
55
67
86
93
4
12
81
25
1000
98
84
75
23
80
77
76
86
58
3
75
45
29
15
70
50
13
96
33
80
20
85
6
37
74
55
5
20
41
15
33
10
76
11
88
68
71
25
30
86
22
86
88
78
31
84
34
15
49
55
14
42
94
62
98
53
89
33
68
94
78
53
86
98
22
13
66
31
67
42
16
82
100
2
4
14
64
72
35
24
46
78
16
63
30
20
63
79
33
19
43
41
30
61
39
74
67
24
11
40
69
93
52
44
94
5
49
4
85
95
98
38
40
36
37
6
99
43
63
88
73
14
26
28
4
50
1
62
56
93
15
4
26
3
19
77
63
89
43
42
22
22
46
74
10
74
76
61
38
39
65
73
86
94
9
88
82
20
31
94
77
80
31
30
84
10
9
31
94
77
31
3
30
8
55
100
97
82
28
4
54
8
96
38
16
61
70
2
22
99
12
52
96
34
55
48
70
82
27
70
71
30
25
22
55
79
27
58
61
42
68
92
14
46
34
67
96
94
34
58
47
19
30
5
98
38
95
87
59
23
22
97
34
28
94
5
20
36
19
16
63
36
61
1
76
17
64
1
1
79
39
90
28
43
5
67
4
71
63
36
89
23
38
2
25
73
13
10
77
46
94
22
68
7
91
30
6
37
8
94
47
25
52
44
1
60
13
94
43
75
52
65
20
12
79
82
98
1
83
83
58
6
18
47
64
51
74
96
84
68
64
36
61
1
5
47
52
53
79
87
81
33
42
8
77
4
15
82
16
85
4
37
49
12
63
92
56
12
81
78
56
34
40
51
19
52
90
78
94
59
81
35
75
6
15
98
2
93
3
55
96
60
85
16
19
56
90
57
36
28
55
55
70
37
41
9
41
86
50
73
12
58
54
45
76
63
6
13
17
33
21
83
21
50
31
79
78
39
91
100
72
64
22
20
53
32
79
69
7
74
19
93
8
46
51
7
52
74
15
98
58
83
21
27
71
69
81
53
34
30
86
31
29
88
61
58
35
3
10
35
92
91
4
71
38
50
98
66
57
76
17
1
92
32
17
17
85
81
5
67
47
79
94
14
33
81
84
79
91
99
83
56
91
50
50
33
84
40
90
98
31
66
47
5
80
13
24
60
7
97
9
82
91
35
42
50
65
58
31
9
95
36
57
16
51
28
90
90
14
88
23
71
78
59
73
42
61
79
69
2
1
50
27
59
92
53
65
58
31
36
4
93
83
99
85
81
24
100
30
89
82
44
51
29
33
12
87
11
95
72
47
12
87
37
20
2
44
30
44
1
6
98
76
49
55
84
60
86
14
69
93
15
64
71
80
18
56
3
36
93
23
52
27
58
46
74
15
11
10
96
38
47
5
56
56
56
83
63
85
15
17
45
16
62
60
22
55
86
46
68
50
70
42
76
62
27
67
54
68
25
11
36
61
10
28
17
56
88
55
86
69
72
32
85
31
38
100
14
76
24
36
83
8
14
62
66
84
55
32
46
31
37
72
91
6
78
17
26
51
59
82
33
57
71
77
51
48
76
24
68
32
66
3
4
74
67
3
64
18
58
21
52
94
84
76
68
62
96
58
17
14
37
1
89
28
99
77
28
14
56
82
10
60
16
53
40
16
4
63
50
52
43
77
48
23
6
66
37
54
27
85
1
1
40
16
49
68
9
13
53
86
74
81
89
54
36
85
95
93
48
40
44
24
5
4
56
85
99
71
22
69
100
89
70
95
51
78
98
29
84
91
87
90
27
90
63
50
87
40
65
57
55
61
69
65
87
75
57
52
48
70
49
55
29
32
94
47
25
95
15
19
75
9
13
84
7
52
46
38
46
27
4
65
66
13
89
64
50
72
70
77
100
97
30
7
1
84
79
61
84
81
86
22
73
38
40
99
86
13
15
64
93
14
9
52
72
5
67
8
52
48
28
90
5
94
61
34
87
48
65
46
68
81
76
81
31
37
51
39
96
14
96
47
3
76
84
80
91
45
12
23
97
37
3
88
34
84
91
85
41
22
83
79
89
61
71
86
87
59
85
1
16
29
1
70
22
35
40
83
86
84
62
72
33
94
98
17
96
98
78
100
17
89
44
57
28
20
68
82
79
49
100
34
32
1
84
35
47
18
100
30
47
100
53
57
5
11
49
59
36
19
5
7
59
38
26
54
85
51
8
86
36
92
91
6
80
11
52
80
69
1
88
67
44
20
35
12
22
40
89
81
69
53
43
7
6
39
32
63
68
95
21
44
35
78
53
73
67
42
39
84
13
83
6
52
9
79
47
80
59
0
